====>>>>> cpu on no-sandbox <<<<<====
base_ops=[10, 15, 20, 25, 30, 35, 40, 45, 50, 55, 60, 65, 70, 75, 80, 85, 90, 95, 100]
runtimes=[1.14, 1.65, 2.15, 2.64, 3.18, 3.71, 4.26, 4.80, 5.58, 5.92, 6.31, 6.85, 7.39, 7.93, 8.45, 8.99, 9.54, 10.09, 10.60]



====>>>>> cpu on docker <<<<<====
base_ops=[10, 15, 20, 25, 30, 35, 40, 45, 50, 55, 60, 65, 70, 75, 80, 85, 90, 95, 100]
runtimes=[2.40, 2.66, 3.10, 3.88, 4.53, 5.01, 5.58, 6.29, 6.85, 7.42, 8.12, 8.85, 9.30, 9.94, 10.61, 11.25, 11.67, 12.46, 13.15]



====>>>>> cpu on gvisor <<<<<====
base_ops=[10, 15, 20, 25, 30, 35, 40, 45, 50, 55, 60, 65, 70, 75, 80, 85, 90, 95, 100]
runtimes=[1.95, 2.60, 3.04, 3.70, 4.49, 4.98, 5.55, 6.30, 6.83, 7.40, 8.11, 8.78, 9.29, 9.89, 10.62, 11.22, 11.75, 12.42, 13.38]



====>>>>> cpu on kata <<<<<====
base_ops=[10, 15, 20, 25, 30, 35, 40, 45, 50, 55, 60, 65, 70, 75, 80, 85, 90, 95, 100]
runtimes=[0, 0, 0, 0, 0, 0, 0, 0, 0, 0, 0, 0, 0, 0, 0, 0, 0, 0, 0]



====>>>>> memory-management on no-sandbox <<<<<====
base_ops=[10, 15, 20, 25, 30, 35, 40, 45, 50, 55, 60, 65, 70, 75, 80, 85, 90, 95, 100]
runtimes=[5.72, 3.83, 3.30, 3.54, 3.79, 4.24, 4.48, 4.72, 4.97, 5.17, 5.41, 1.70, 1.68, 3.94, 6.49, 6.75, 6.10, 8.24, 14.72]



====>>>>> memory-management on docker <<<<<====
base_ops=[10, 15, 20, 25, 30, 35, 40, 45, 50, 55, 60, 65, 70, 75, 80, 85, 90, 95, 100]
runtimes=[14.14, 1.21, 1.33, 1.41, 1.47, 1.57, 1.67, 1.71, 1.81, 1.84, 1.90, 2.00, 2.08, 2.11, 2.20, 2.20, 2.33, 2.31, 2.48]



====>>>>> memory-management on gvisor <<<<<====
base_ops=[10, 15, 20, 25, 30, 35, 40, 45, 50, 55, 60, 65, 70, 75, 80, 85, 90, 95, 100]
runtimes=[2.84, 1.73, 1.99, 2.16, 2.27, 2.40, 2.57, 2.80, 2.95, 2.97, 3.17, 3.17, 3.41, 3.41, 3.56, 3.76, 3.85, 4.01, 4.12]



====>>>>> memory-management on kata <<<<<====
base_ops=[10, 15, 20, 25, 30, 35, 40, 45, 50, 55, 60, 65, 70, 75, 80, 85, 90, 95, 100]
runtimes=[0, 0, 0, 0, 0, 0, 0, 0, 0, 0, 0, 0, 0, 0, 0, 0, 0, 0, 0]



====>>>>> process-management on no-sandbox <<<<<====
base_ops=[10, 15, 20, 25, 30, 35, 40, 45, 50, 55, 60, 65, 70, 75, 80, 85, 90, 95, 100]
runtimes=[.88, 1.25, 1.64, 2.15, 2.49, 2.77, 3.10, 3.39, 3.73, 3.98, 4.40, 4.63, 5.37, 6.03, 6.58, 7.00, 7.39, 7.90, 8.25]



====>>>>> process-management on docker <<<<<====
base_ops=[10, 15, 20, 25, 30, 35, 40, 45, 50, 55, 60, 65, 70, 75, 80, 85, 90, 95, 100]
runtimes=[3.33, 2.45, 4.11, 4.27, 4.38, 7.18, 6.36, 8.93, 8.80, 9.73, 7.32, 8.85, 10.16, 11.89, 11.85, 12.96, 12.34, 12.46, 15.86]



====>>>>> process-management on gvisor <<<<<====
base_ops=[10, 15, 20, 25, 30, 35, 40, 45, 50, 55, 60, 65, 70, 75, 80, 85, 90, 95, 100]
runtimes=[10.53, 14.14, 20.16, 23.13, 27.02, 34.51, 31.02, 40.32, 46.33, 50.37, 51.40, 70.74, 62.14, 68.87, 79.38, 81.56, 74.12, 89.06, 89.96]



====>>>>> process-management on kata <<<<<====
base_ops=[10, 15, 20, 25, 30, 35, 40, 45, 50, 55, 60, 65, 70, 75, 80, 85, 90, 95, 100]
runtimes=[0, 0, 0, 0, 0, 0, 0, 0, 0, 0, 0, 0, 0, 0, 0, 0, 0, 0, 0]



====>>>>> network on no-sandbox <<<<<====
base_ops=[10, 15, 20, 25, 30, 35, 40, 45, 50, 55, 60, 65, 70, 75, 80, 85, 90, 95, 100]
runtimes=[1.02, 1.53, 2.06, 2.58, 3.14, 3.87, 4.42, 5.07, 5.49, 6.05, 6.41, 6.97, 7.59, 8.25, 8.64, 9.20, 9.74, 10.22, 10.81]



====>>>>> network on docker <<<<<====
base_ops=[10, 15, 20, 25, 30, 35, 40, 45, 50, 55, 60, 65, 70, 75, 80, 85, 90, 95, 100]
runtimes=[1.61, 1.64, 1.88, 2.37, 2.43, 2.68, 3.32, 3.21, 3.54, 4.24, 4.47, 5.11, 5.39, 4.77, 4.99, 5.30, 5.53, 5.81, 6.07]



====>>>>> network on gvisor <<<<<====
base_ops=[10, 15, 20, 25, 30, 35, 40, 45, 50, 55, 60, 65, 70, 75, 80, 85, 90, 95, 100]
runtimes=[6.32, 9.05, 12.04, 14.85, 17.91, 20.88, 23.79, 26.75, 29.85, 32.72, 36.32, 39.53, 42.46, 45.64, 48.48, 51.59, 54.95, 57.25, 60.50]



====>>>>> network on kata <<<<<====
base_ops=[10, 15, 20, 25, 30, 35, 40, 45, 50, 55, 60, 65, 70, 75, 80, 85, 90, 95, 100]
runtimes=[0, 0, 0, 0, 0, 0, 0, 0, 0, 0, 0, 0, 0, 0, 0, 0, 0, 0, 0]



====>>>>> file-io on no-sandbox <<<<<====
base_ops=[10, 15, 20, 25, 30, 35, 40, 45, 50, 55, 60, 65, 70, 75, 80, 85, 90, 95, 100]
runtimes=[1.10, 1.47, 1.94, 2.31, 2.76, 3.48, 3.96, 4.49, 4.71, 5.01, 5.38, 5.90, 6.89, 6.88, 7.88, 8.32, 8.57, 9.12, 9.78]



====>>>>> file-io on docker <<<<<====
base_ops=[10, 15, 20, 25, 30, 35, 40, 45, 50, 55, 60, 65, 70, 75, 80, 85, 90, 95, 100]
runtimes=[2.45, 3.08, 3.85, 4.70, 5.30, 5.69, 7.00, 7.87, 7.82, 8.87, 10.16, 10.34, 10.60, 12.39, 13.14, 12.69, 14.76, 15.90, 16.39]



====>>>>> file-io on gvisor <<<<<====
base_ops=[10, 15, 20, 25, 30, 35, 40, 45, 50, 55, 60, 65, 70, 75, 80, 85, 90, 95, 100]
runtimes=[2.11, 2.74, 3.48, 4.16, 4.90, 5.61, 6.30, 6.97, 7.73, 8.41, 9.10, 9.83, 10.55, 11.25, 11.90, 12.65, 13.34, 14.44, 14.70]



====>>>>> file-io on kata <<<<<====
base_ops=[10, 15, 20, 25, 30, 35, 40, 45, 50, 55, 60, 65, 70, 75, 80, 85, 90, 95, 100]
runtimes=[0, 0, 0, 0, 0, 0, 0, 0, 0, 0, 0, 0, 0, 0, 0, 0, 0, 0, 0]



10
runtimes=[0, 0, 0, 0, 0, 0, 0, 0, 0, 0, 0, 0, 0, 0, 0, 0, 0, 0, 0]
